22 22
-10 -3 -3 3 1 5 3 -3 4 2 -5 -1 33 12 2 11 28 3 -7 -5 3 -36
2 2 9 1 8 -2 3 -6 9 6 -12 12 15 -15 -2 3 -6 -2 -7 -5 2 -5
-2 -1 5 12 -11 6 -3 2 2 4 -1 -13 18 21 -4 11 27 1 5 1 1 -20
-1 0 -8 -6 12 1 5 -3 2 -7 1 16 19 -10 -1 6 5 1 -17 -4 -2 -18
-4 -3 5 5 -10 -2 -1 -1 -1 11 -14 -12 13 5 -2 3 19 -2 6 -6 1 -14
-4 -1 2 2 17 2 0 -7 11 -3 4 14 26 3 1 8 4 3 -9 -1 8 -25
2 3 6 8 -13 7 6 5 7 11 -18 -6 19 -1 -4 7 20 0 -7 -5 -7 -9
-6 1 0 -2 4 0 -5 -12 -6 -7 10 4 12 10 -1 7 9 1 8 0 5 -16
0 -10 -7 4 4 0 11 11 7 4 -11 4 23 -6 -1 8 13 -2 -24 -1 -1 -26
-1 8 14 3 1 -3 -14 -14 4 6 -11 -6 15 1 -4 4 15 0 15 -15 4 -10
-7 -6 -6 4 3 9 15 4 8 2 9 14 23 11 1 2 6 4 -17 12 -2 -21
4 8 6 1 -8 5 -6 -3 2 0 -23 -12 18 -5 -2 18 24 2 1 -15 4 -12
-12 -10 0 4 10 -8 8 -8 -5 3 15 16 15 6 -1 -5 -3 -9 -3 6 -5 -20
13 1 0 4 -1 5 -8 12 16 2 -23 -13 20 -3 -4 20 28 9 -11 -9 12 -21
-16 3 5 3 2 2 4 -20 -4 5 10 12 19 5 -2 -12 3 -5 2 -5 -12 -12
5 -1 -2 -4 -4 6 7 13 8 0 -16 -1 19 6 2 21 16 9 -3 6 12 -15
-9 -3 6 15 6 0 -2 -14 2 3 2 0 20 -3 0 3 12 -9 -14 -13 -6 -26
7 0 1 -8 0 -7 -1 6 2 3 -11 7 16 0 -11 6 10 2 10 4 5 -7
-5 -1 -2 14 1 14 -1 -3 7 0 5 -11 14 11 7 7 18 4 -20 -7 0 -25
-8 2 2 -13 0 -6 9 -7 0 5 -15 19 30 -8 -7 1 11 0 9 -4 -3 -13
1 -3 7 17 3 6 -3 1 8 2 0 -11 7 10 7 14 5 -2 -11 1 9 -15
0 0 0 0 0 0 1 -3 3 3 -8 7 32 -2 -11 7 25 1 -5 -7 -4 -27
